0	1	0-1			2.000000	1
0	1	0-8-2-1			15.000000	3

0	2	0-1-2			8.000000	2
0	2	0-8-2			9.000000	2

0	3	0-1-2-3			15.000000	3
0	3	0-8-7-6-5-4-3			21.000000	6

0	4	0-1-2-3-4			18.000000	4
0	4	0-8-7-6-5-4			18.000000	5

0	5	0-8-7-6-5			17.000000	4
0	5	0-1-2-3-4-5			19.000000	5

0	6	0-8-7-6			14.000000	3
0	6	0-1-2-3-4-5-6			22.000000	6

0	7	0-8-7			10.000000	2
0	7	0-9-12-13-7			19.000000	4

0	8	0-8			4.000000	1
0	8	0-9-8			14.000000	2

0	9	0-9			5.000000	1
0	9	0-8-9			13.000000	2

0	10	0-9-10			12.000000	2
0	10	0-8-11-10			20.000000	3

0	11	0-8-11			14.000000	2
0	11	0-9-10-11			18.000000	3

0	12	0-8-12			6.000000	2
0	12	0-9-12			8.000000	2

0	13	0-8-7-13			17.000000	3
0	13	0-9-12-13			12.000000	3

0	14	0-8-14			10.000000	2
0	14	0-9-12-14			14.000000	3

0	15	0-9-10-15			18.000000	3
0	15	0-8-11-17-15			29.000000	4

0	16	0-9-10-15-16			27.000000	4
0	16	0-8-11-17-16			24.000000	4

0	17	0-8-11-17			21.000000	3
0	17	0-9-12-17			11.000000	3

0	18	0-8-14-18			16.000000	3
0	18	0-9-10-15-18			25.000000	4

0	19	0-8-14-19			19.000000	3
0	19	0-9-12-13-19			17.000000	4

0	20	0-8-14-18-20			22.000000	4
0	20	0-9-12-13-19-20			19.000000	5

0	21	0-8-14-18-21			17.000000	4
0	21	0-9-12-17-22-21			19.000000	5

0	22	0-8-11-17-22			24.000000	4
0	22	0-9-8-14-18-22			28.000000	5

0	23	0-8-11-17-23			26.000000	4
0	23	0-9-10-15-16-23			31.000000	5

1	0	1-0			2.000000	1
1	0	1-2-8-0			15.000000	3

1	2	1-2			6.000000	1
1	2	1-0-8-2			11.000000	3

1	3	1-2-3			13.000000	2
1	3	1-0-8-7-6-5-4-3			23.000000	7

1	4	1-2-3-4			16.000000	3
1	4	1-0-8-7-6-5-4			20.000000	6

1	5	1-2-3-4-5			17.000000	4
1	5	1-0-8-7-6-5			19.000000	5

1	6	1-0-8-7-6			16.000000	4
1	6	1-2-3-4-5-6			20.000000	5

1	7	1-0-8-7			12.000000	3
1	7	1-2-8-14-7			25.000000	4

1	8	1-0-8			6.000000	2
1	8	1-2-8			11.000000	2

1	9	1-0-9			7.000000	2
1	9	1-2-8-9			20.000000	3

1	10	1-0-9-10			14.000000	3
1	10	1-2-8-11-10			27.000000	4

1	11	1-0-8-11			16.000000	3
1	11	1-2-8-12-11			19.000000	4

1	12	1-0-8-12			8.000000	3
1	12	1-2-8-9-12			23.000000	4

1	13	1-0-8-7-13			19.000000	4
1	13	1-2-8-12-13			17.000000	4

1	14	1-0-8-14			12.000000	3
1	14	1-2-8-7-14			25.000000	4

1	15	1-0-9-10-15			20.000000	4
1	15	1-2-8-11-17-15			36.000000	5

1	16	1-0-9-10-15-16			29.000000	5
1	16	1-2-8-11-17-16			31.000000	5

1	17	1-0-8-11-17			23.000000	4
1	17	1-2-8-12-17			16.000000	4

1	18	1-0-8-14-18			18.000000	4
1	18	1-2-8-11-17-18			33.000000	5

1	19	1-0-8-14-19			21.000000	4
1	19	1-2-8-7-13-19			29.000000	5

1	20	1-0-8-14-18-20			24.000000	5
1	20	1-2-8-7-13-19-20			31.000000	6

1	21	1-0-8-14-18-21			19.000000	5
1	21	1-2-8-11-17-22-21			36.000000	6

1	22	1-0-8-11-17-22			26.000000	5
1	22	1-2-8-14-18-22			25.000000	5

1	23	1-0-8-11-17-23			28.000000	5
1	23	1-2-8-14-18-23			24.000000	5

2	0	2-1-0			8.000000	2
2	0	2-8-0			9.000000	2

2	1	2-1			6.000000	1
2	1	2-8-0-1			11.000000	3

2	3	2-3			7.000000	1
2	3	2-8-7-6-5-4-3			22.000000	6

2	4	2-3-4			10.000000	2
2	4	2-8-7-6-5-4			19.000000	5

2	5	2-3-4-5			11.000000	3
2	5	2-8-7-6-5			18.000000	4

2	6	2-8-7-6			15.000000	3
2	6	2-3-4-5-6			14.000000	4

2	7	2-8-7			11.000000	2
2	7	2-3-4-5-6-7			18.000000	5

2	8	2-8			5.000000	1
2	8	2-1-0-8			12.000000	3

2	9	2-8-9			14.000000	2
2	9	2-1-0-9			13.000000	3

2	10	2-8-9-10			21.000000	3
2	10	2-1-0-8-11-10			28.000000	5

2	11	2-8-11			15.000000	2
2	11	2-1-0-9-10-11			26.000000	5

2	12	2-8-12			7.000000	2
2	12	2-1-0-9-12			16.000000	4

2	13	2-8-7-13			18.000000	3
2	13	2-1-0-8-12-13			18.000000	5

2	14	2-8-14			11.000000	2
2	14	2-1-0-8-7-14			26.000000	5

2	15	2-8-9-10-15			27.000000	4
2	15	2-1-0-8-11-17-15			37.000000	6

2	16	2-8-11-17-16			25.000000	4
2	16	2-1-0-9-10-15-16			35.000000	6

2	17	2-8-11-17			22.000000	3
2	17	2-1-0-8-12-17			17.000000	5

2	18	2-8-14-18			17.000000	3
2	18	2-1-0-9-10-15-18			33.000000	6

2	19	2-8-14-19			20.000000	3
2	19	2-1-0-8-7-13-19			30.000000	6

2	20	2-8-14-18-20			23.000000	4
2	20	2-1-0-8-7-13-19-20			32.000000	7

2	21	2-8-14-18-21			18.000000	4
2	21	2-1-0-8-11-17-22-21			37.000000	7

2	22	2-8-11-17-22			25.000000	4
2	22	2-1-0-8-14-18-22			26.000000	6

2	23	2-8-11-17-23			27.000000	4
2	23	2-1-0-8-14-18-23			25.000000	6

3	0	3-2-1-0			15.000000	3
3	0	3-4-5-6-7-8-0			21.000000	6

3	1	3-2-1			13.000000	2
3	1	3-4-5-6-7-8-0-1			23.000000	7

3	2	3-2			7.000000	1
3	2	3-4-5-6-7-8-2			22.000000	6

3	4	3-4			3.000000	1
3	4	3-2-8-7-6-5-4			26.000000	6

3	5	3-4-5			4.000000	2
3	5	3-2-8-7-6-5			25.000000	5

3	6	3-4-5-6			7.000000	3
3	6	3-2-8-7-6			22.000000	4

3	7	3-2-8-7			18.000000	3
3	7	3-4-5-6-7			11.000000	4

3	8	3-2-8			12.000000	2
3	8	3-4-5-6-7-8			17.000000	5

3	9	3-2-8-9			21.000000	3
3	9	3-4-5-6-7-8-0-9			26.000000	7

3	10	3-2-8-9-10			28.000000	4
3	10	3-4-5-6-7-8-11-10			33.000000	7

3	11	3-2-8-11			22.000000	3
3	11	3-4-5-6-7-8-12-11			25.000000	7

3	12	3-2-8-12			14.000000	3
3	12	3-4-5-6-7-13-12			22.000000	6

3	13	3-2-8-7-13			25.000000	4
3	13	3-4-5-6-7-14-13			21.000000	6

3	14	3-2-8-14			18.000000	3
3	14	3-4-5-6-7-14			19.000000	5

3	15	3-2-8-9-10-15			34.000000	5
3	15	3-4-5-6-7-14-17-15			33.000000	7

3	16	3-2-8-11-17-16			32.000000	5
3	16	3-4-5-6-7-14-17-15-16			42.000000	8

3	17	3-2-8-11-17			29.000000	4
3	17	3-4-5-6-7-14-17			25.000000	6

3	18	3-2-8-14-18			24.000000	4
3	18	3-4-5-6-7-14-17-18			30.000000	7

3	19	3-2-8-14-19			27.000000	4
3	19	3-4-5-6-7-13-19			23.000000	6

3	20	3-2-8-14-18-20			30.000000	5
3	20	3-4-5-6-7-13-19-20			25.000000	7

3	21	3-2-8-14-18-21			25.000000	5
3	21	3-4-5-6-7-13-19-20-21			30.000000	8

3	22	3-2-8-11-17-22			32.000000	5
3	22	3-4-5-6-7-14-18-22			27.000000	7

3	23	3-2-8-11-17-23			34.000000	5
3	23	3-4-5-6-7-14-18-23			26.000000	7

4	0	4-3-2-1-0			18.000000	4
4	0	4-5-6-7-8-0			18.000000	5

4	1	4-3-2-1			16.000000	3
4	1	4-5-6-7-8-0-1			20.000000	6

4	2	4-3-2			10.000000	2
4	2	4-5-6-7-8-2			19.000000	5

4	3	4-3			3.000000	1
4	3	4-5-6-7-8-2-3			26.000000	6

4	5	4-5			1.000000	1
4	5	4-3-2-8-7-6-5			28.000000	6

4	6	4-5-6			4.000000	2
4	6	4-3-2-8-7-6			25.000000	5

4	7	4-5-6-7			8.000000	3
4	7	4-3-2-8-7			21.000000	4

4	8	4-3-2-8			15.000000	3
4	8	4-5-6-7-8			14.000000	4

4	9	4-3-2-8-9			24.000000	4
4	9	4-5-6-7-8-0-9			23.000000	6

4	10	4-3-2-8-9-10			31.000000	5
4	10	4-5-6-7-8-11-10			30.000000	6

4	11	4-3-2-8-11			25.000000	4
4	11	4-5-6-7-8-12-11			22.000000	6

4	12	4-3-2-8-12			17.000000	4
4	12	4-5-6-7-13-12			19.000000	5

4	13	4-5-6-7-13			15.000000	4
4	13	4-3-2-8-12-13			21.000000	5

4	14	4-5-6-7-14			16.000000	4
4	14	4-3-2-8-14			21.000000	4

4	15	4-3-2-8-9-10-15			37.000000	6
4	15	4-5-6-7-14-17-15			30.000000	6

4	16	4-3-2-8-11-17-16			35.000000	6
4	16	4-5-6-7-14-17-15-16			39.000000	7

4	17	4-3-2-8-11-17			32.000000	5
4	17	4-5-6-7-14-17			22.000000	5

4	18	4-5-6-7-14-18			22.000000	5
4	18	4-3-2-8-11-17-18			37.000000	6

4	19	4-5-6-7-13-19			20.000000	5
4	19	4-3-2-8-14-19			30.000000	5

4	20	4-5-6-7-14-18-20			28.000000	6
4	20	4-3-2-8-14-19-20			32.000000	6

4	21	4-5-6-7-14-18-21			23.000000	6
4	21	4-3-2-8-14-19-20-21			37.000000	7

4	22	4-3-2-8-11-17-22			35.000000	6
4	22	4-5-6-7-14-18-22			24.000000	6

4	23	4-3-2-8-11-17-23			37.000000	6
4	23	4-5-6-7-14-18-23			23.000000	6

5	0	5-6-7-8-0			17.000000	4
5	0	5-4-3-2-1-0			19.000000	5

5	1	5-4-3-2-1			17.000000	4
5	1	5-6-7-8-0-1			19.000000	5

5	2	5-4-3-2			11.000000	3
5	2	5-6-7-8-2			18.000000	4

5	3	5-4-3			4.000000	2
5	3	5-6-7-8-2-3			25.000000	5

5	4	5-4			1.000000	1
5	4	5-6-7-8-2-3-4			28.000000	6

5	6	5-6			3.000000	1
5	6	5-4-3-2-8-7-6			26.000000	6

5	7	5-6-7			7.000000	2
5	7	5-4-3-2-8-7			22.000000	5

5	8	5-6-7-8			13.000000	3
5	8	5-4-3-2-8			16.000000	4

5	9	5-6-7-8-9			22.000000	4
5	9	5-4-3-2-1-0-9			24.000000	6

5	10	5-6-7-8-9-10			29.000000	5
5	10	5-4-3-2-8-11-10			32.000000	6

5	11	5-6-7-8-11			23.000000	4
5	11	5-4-3-2-8-12-11			24.000000	6

5	12	5-6-7-8-12			15.000000	4
5	12	5-4-3-2-8-9-12			28.000000	6

5	13	5-6-7-13			14.000000	3
5	13	5-4-3-2-8-12-13			22.000000	6

5	14	5-6-7-14			15.000000	3
5	14	5-4-3-2-8-14			22.000000	5

5	15	5-6-7-14-17-15			29.000000	5
5	15	5-4-3-2-8-9-10-15			38.000000	7

5	16	5-6-7-14-17-16			24.000000	5
5	16	5-4-3-2-8-9-10-15-16			47.000000	8

5	17	5-6-7-14-17			21.000000	4
5	17	5-4-3-2-8-11-17			33.000000	6

5	18	5-6-7-14-18			21.000000	4
5	18	5-4-3-2-8-11-17-18			38.000000	7

5	19	5-6-7-13-19			19.000000	4
5	19	5-4-3-2-8-14-19			31.000000	6

5	20	5-6-7-14-18-20			27.000000	5
5	20	5-4-3-2-8-14-19-20			33.000000	7

5	21	5-6-7-14-18-21			22.000000	5
5	21	5-4-3-2-8-14-19-20-21			38.000000	8

5	22	5-6-7-14-17-22			24.000000	5
5	22	5-4-3-2-8-14-18-22			30.000000	7

5	23	5-6-7-14-17-23			26.000000	5
5	23	5-4-3-2-8-14-18-23			29.000000	7

6	0	6-7-8-0			14.000000	3
6	0	6-5-4-3-2-1-0			22.000000	6

6	1	6-7-8-0-1			16.000000	4
6	1	6-5-4-3-2-1			20.000000	5

6	2	6-7-8-2			15.000000	3
6	2	6-5-4-3-2			14.000000	4

6	3	6-5-4-3			7.000000	3
6	3	6-7-8-2-3			22.000000	4

6	4	6-5-4			4.000000	2
6	4	6-7-8-2-3-4			25.000000	5

6	5	6-5			3.000000	1
6	5	6-7-8-2-3-4-5			26.000000	6

6	7	6-7			4.000000	1
6	7	6-5-4-3-2-8-7			25.000000	6

6	8	6-7-8			10.000000	2
6	8	6-5-4-3-2-8			19.000000	5

6	9	6-7-8-9			19.000000	3
6	9	6-5-4-3-2-1-0-9			27.000000	7

6	10	6-7-8-9-10			26.000000	4
6	10	6-5-4-3-2-8-11-10			35.000000	7

6	11	6-7-8-11			20.000000	3
6	11	6-5-4-3-2-8-12-11			27.000000	7

6	12	6-7-8-12			12.000000	3
6	12	6-5-4-3-2-8-9-12			31.000000	7

6	13	6-7-13			11.000000	2
6	13	6-5-4-3-2-8-12-13			25.000000	7

6	14	6-7-14			12.000000	2
6	14	6-5-4-3-2-8-14			25.000000	6

6	15	6-7-14-17-15			26.000000	4
6	15	6-5-4-3-2-8-9-10-15			41.000000	8

6	16	6-7-14-17-16			21.000000	4
6	16	6-5-4-3-2-8-9-10-15-16			50.000000	9

6	17	6-7-14-17			18.000000	3
6	17	6-5-4-3-2-8-11-17			36.000000	7

6	18	6-7-14-18			18.000000	3
6	18	6-5-4-3-2-8-11-17-18			41.000000	8

6	19	6-7-13-19			16.000000	3
6	19	6-5-4-3-2-8-14-19			34.000000	7

6	20	6-7-14-18-20			24.000000	4
6	20	6-5-4-3-2-8-14-19-20			36.000000	8

6	21	6-7-14-18-21			19.000000	4
6	21	6-5-4-3-2-8-14-19-20-21			41.000000	9

6	22	6-7-14-17-22			21.000000	4
6	22	6-5-4-3-2-8-14-18-22			33.000000	8

6	23	6-7-14-17-23			23.000000	4
6	23	6-5-4-3-2-8-14-18-23			32.000000	8

7	0	7-8-0			10.000000	2
7	0	7-13-12-9-0			19.000000	4

7	1	7-8-0-1			12.000000	3
7	1	7-14-8-2-1			25.000000	4

7	2	7-8-2			11.000000	2
7	2	7-6-5-4-3-2			18.000000	5

7	3	7-8-2-3			18.000000	3
7	3	7-6-5-4-3			11.000000	4

7	4	7-6-5-4			8.000000	3
7	4	7-8-2-3-4			21.000000	4

7	5	7-6-5			7.000000	2
7	5	7-8-2-3-4-5			22.000000	5

7	6	7-6			4.000000	1
7	6	7-8-2-3-4-5-6			25.000000	6

7	8	7-8			6.000000	1
7	8	7-14-8			14.000000	2

7	9	7-8-9			15.000000	2
7	9	7-13-12-9			14.000000	3

7	10	7-8-9-10			22.000000	3
7	10	7-13-12-11-10			23.000000	4

7	11	7-8-11			16.000000	2
7	11	7-13-12-11			17.000000	3

7	12	7-8-12			8.000000	2
7	12	7-13-12			11.000000	2

7	13	7-13			7.000000	1
7	13	7-14-13			10.000000	2

7	14	7-14			8.000000	1
7	14	7-8-14			12.000000	2

7	15	7-14-17-15			22.000000	3
7	15	7-8-9-10-15			28.000000	4

7	16	7-14-17-16			17.000000	3
7	16	7-8-9-10-15-16			37.000000	5

7	17	7-14-17			14.000000	2
7	17	7-8-11-17			23.000000	3

7	18	7-14-18			14.000000	2
7	18	7-13-19-18			17.000000	3

7	19	7-13-19			12.000000	2
7	19	7-14-19			17.000000	2

7	20	7-14-18-20			20.000000	3
7	20	7-13-19-20			14.000000	3

7	21	7-14-18-21			15.000000	3
7	21	7-13-19-20-21			19.000000	4

7	22	7-14-17-22			17.000000	3
7	22	7-8-14-18-22			20.000000	4

7	23	7-14-17-23			19.000000	3
7	23	7-8-14-18-23			19.000000	4

8	0	8-0			4.000000	1
8	0	8-9-0			14.000000	2

8	1	8-0-1			6.000000	2
8	1	8-2-1			11.000000	2

8	2	8-2			5.000000	1
8	2	8-0-1-2			12.000000	3

8	3	8-2-3			12.000000	2
8	3	8-7-6-5-4-3			17.000000	5

8	4	8-2-3-4			15.000000	3
8	4	8-7-6-5-4			14.000000	4

8	5	8-7-6-5			13.000000	3
8	5	8-2-3-4-5			16.000000	4

8	6	8-7-6			10.000000	2
8	6	8-2-3-4-5-6			19.000000	5

8	7	8-7			6.000000	1
8	7	8-14-7			14.000000	2

8	9	8-9			9.000000	1
8	9	8-0-9			9.000000	2

8	10	8-9-10			16.000000	2
8	10	8-11-10			16.000000	2

8	11	8-11			10.000000	1
8	11	8-12-11			8.000000	2

8	12	8-12			2.000000	1
8	12	8-9-12			12.000000	2

8	13	8-7-13			13.000000	2
8	13	8-12-13			6.000000	2

8	14	8-14			6.000000	1
8	14	8-7-14			14.000000	2

8	15	8-9-10-15			22.000000	3
8	15	8-11-17-15			25.000000	3

8	16	8-11-17-16			20.000000	3
8	16	8-9-10-15-16			31.000000	4

8	17	8-11-17			17.000000	2
8	17	8-12-17			5.000000	2

8	18	8-14-18			12.000000	2
8	18	8-11-17-18			22.000000	3

8	19	8-14-19			15.000000	2
8	19	8-7-13-19			18.000000	3

8	20	8-14-18-20			18.000000	3
8	20	8-7-13-19-20			20.000000	4

8	21	8-14-18-21			13.000000	3
8	21	8-11-17-22-21			25.000000	4

8	22	8-11-17-22			20.000000	3
8	22	8-14-18-22			14.000000	3

8	23	8-11-17-23			22.000000	3
8	23	8-14-18-23			13.000000	3

9	0	9-0			5.000000	1
9	0	9-8-0			13.000000	2

9	1	9-0-1			7.000000	2
9	1	9-8-2-1			20.000000	3

9	2	9-8-2			14.000000	2
9	2	9-0-1-2			13.000000	3

9	3	9-8-2-3			21.000000	3
9	3	9-0-8-7-6-5-4-3			26.000000	7

9	4	9-8-2-3-4			24.000000	4
9	4	9-0-8-7-6-5-4			23.000000	6

9	5	9-8-7-6-5			22.000000	4
9	5	9-0-1-2-3-4-5			24.000000	6

9	6	9-8-7-6			19.000000	3
9	6	9-0-1-2-3-4-5-6			27.000000	7

9	7	9-8-7			15.000000	2
9	7	9-12-13-7			14.000000	3

9	8	9-8			9.000000	1
9	8	9-0-8			9.000000	2

9	10	9-10			7.000000	1
9	10	9-8-11-10			25.000000	3

9	11	9-8-11			19.000000	2
9	11	9-10-11			13.000000	2

9	12	9-12			3.000000	1
9	12	9-8-12			11.000000	2

9	13	9-12-13			7.000000	2
9	13	9-8-7-13			22.000000	3

9	14	9-8-14			15.000000	2
9	14	9-12-14			9.000000	2

9	15	9-10-15			13.000000	2
9	15	9-12-17-15			14.000000	3

9	16	9-10-15-16			22.000000	3
9	16	9-12-17-16			9.000000	3

9	17	9-12-17			6.000000	2
9	17	9-8-11-17			26.000000	3

9	18	9-8-14-18			21.000000	3
9	18	9-10-15-18			20.000000	3

9	19	9-12-13-19			12.000000	3
9	19	9-8-14-19			24.000000	3

9	20	9-8-14-18-20			27.000000	4
9	20	9-12-13-19-20			14.000000	4

9	21	9-8-14-18-21			22.000000	4
9	21	9-12-17-22-21			14.000000	4

9	22	9-12-17-22			9.000000	3
9	22	9-8-14-18-22			23.000000	4

9	23	9-12-17-23			11.000000	3
9	23	9-10-15-16-23			26.000000	4

10	0	10-9-0			12.000000	2
10	0	10-11-8-0			20.000000	3

10	1	10-9-0-1			14.000000	3
10	1	10-11-8-2-1			27.000000	4

10	2	10-9-8-2			21.000000	3
10	2	10-11-8-0-1-2			28.000000	5

10	3	10-9-8-2-3			28.000000	4
10	3	10-11-8-7-6-5-4-3			33.000000	7

10	4	10-9-8-2-3-4			31.000000	5
10	4	10-11-8-7-6-5-4			30.000000	6

10	5	10-9-8-7-6-5			29.000000	5
10	5	10-11-8-2-3-4-5			32.000000	6

10	6	10-9-8-7-6			26.000000	4
10	6	10-11-8-2-3-4-5-6			35.000000	7

10	7	10-9-8-7			22.000000	3
10	7	10-11-12-13-7			23.000000	4

10	8	10-9-8			16.000000	2
10	8	10-11-8			16.000000	2

10	9	10-9			7.000000	1
10	9	10-11-8-9			25.000000	3

10	11	10-11			6.000000	1
10	11	10-9-8-11			26.000000	3

10	12	10-9-12			10.000000	2
10	12	10-11-12			12.000000	2

10	13	10-9-12-13			14.000000	3
10	13	10-11-8-7-13			29.000000	4

10	14	10-9-8-14			22.000000	3
10	14	10-11-12-14			18.000000	3

10	15	10-15			6.000000	1
10	15	10-11-17-15			21.000000	3

10	16	10-15-16			15.000000	2
10	16	10-11-17-16			16.000000	3

10	17	10-11-17			13.000000	2
10	17	10-15-17			14.000000	2

10	18	10-15-18			13.000000	2
10	18	10-11-17-18			18.000000	3

10	19	10-15-18-19			18.000000	3
10	19	10-9-12-13-19			19.000000	4

10	20	10-15-18-20			19.000000	3
10	20	10-9-12-13-19-20			21.000000	5

10	21	10-15-18-21			14.000000	3
10	21	10-11-17-22-21			21.000000	4

10	22	10-11-17-22			16.000000	3
10	22	10-15-18-22			15.000000	3

10	23	10-15-16-23			19.000000	3
10	23	10-11-17-23			18.000000	3

11	0	11-8-0			14.000000	2
11	0	11-10-9-0			18.000000	3

11	1	11-8-0-1			16.000000	3
11	1	11-12-8-2-1			19.000000	4

11	2	11-8-2			15.000000	2
11	2	11-10-9-0-1-2			26.000000	5

11	3	11-8-2-3			22.000000	3
11	3	11-12-8-7-6-5-4-3			25.000000	7

11	4	11-8-2-3-4			25.000000	4
11	4	11-12-8-7-6-5-4			22.000000	6

11	5	11-8-7-6-5			23.000000	4
11	5	11-12-8-2-3-4-5			24.000000	6

11	6	11-8-7-6			20.000000	3
11	6	11-12-8-2-3-4-5-6			27.000000	7

11	7	11-8-7			16.000000	2
11	7	11-12-13-7			17.000000	3

11	8	11-8			10.000000	1
11	8	11-12-8			8.000000	2

11	9	11-8-9			19.000000	2
11	9	11-10-9			13.000000	2

11	10	11-10			6.000000	1
11	10	11-8-9-10			26.000000	3

11	12	11-12			6.000000	1
11	12	11-8-12			12.000000	2

11	13	11-12-13			10.000000	2
11	13	11-8-7-13			23.000000	3

11	14	11-8-14			16.000000	2
11	14	11-12-14			12.000000	2

11	15	11-10-15			12.000000	2
11	15	11-17-15			15.000000	2

11	16	11-17-16			10.000000	2
11	16	11-10-15-16			21.000000	3

11	17	11-17			7.000000	1
11	17	11-12-17			9.000000	2

11	18	11-17-18			12.000000	2
11	18	11-8-14-18			22.000000	3

11	19	11-12-13-19			15.000000	3
11	19	11-8-14-19			25.000000	3

11	20	11-17-18-20			18.000000	3
11	20	11-12-13-19-20			17.000000	4

11	21	11-17-18-21			13.000000	3
11	21	11-12-17-22-21			17.000000	4

11	22	11-17-22			10.000000	2
11	22	11-8-14-18-22			24.000000	4

11	23	11-17-23			12.000000	2
11	23	11-10-15-16-23			25.000000	4

12	0	12-8-0			6.000000	2
12	0	12-9-0			8.000000	2

12	1	12-8-0-1			8.000000	3
12	1	12-9-8-2-1			23.000000	4

12	2	12-8-2			7.000000	2
12	2	12-9-0-1-2			16.000000	4

12	3	12-8-2-3			14.000000	3
12	3	12-13-7-6-5-4-3			22.000000	6

12	4	12-8-2-3-4			17.000000	4
12	4	12-13-7-6-5-4			19.000000	5

12	5	12-8-7-6-5			15.000000	4
12	5	12-9-8-2-3-4-5			28.000000	6

12	6	12-8-7-6			12.000000	3
12	6	12-9-8-2-3-4-5-6			31.000000	7

12	7	12-8-7			8.000000	2
12	7	12-13-7			11.000000	2

12	8	12-8			2.000000	1
12	8	12-9-8			12.000000	2

12	9	12-9			3.000000	1
12	9	12-8-9			11.000000	2

12	10	12-9-10			10.000000	2
12	10	12-11-10			12.000000	2

12	11	12-11			6.000000	1
12	11	12-8-11			12.000000	2

12	13	12-13			4.000000	1
12	13	12-14-13			8.000000	2

12	14	12-14			6.000000	1
12	14	12-8-14			8.000000	2

12	15	12-17-15			11.000000	2
12	15	12-9-10-15			16.000000	3

12	16	12-17-16			6.000000	2
12	16	12-9-10-15-16			25.000000	4

12	17	12-17			3.000000	1
12	17	12-11-17			13.000000	2

12	18	12-14-18			12.000000	2
12	18	12-17-18			8.000000	2

12	19	12-13-19			9.000000	2
12	19	12-14-19			15.000000	2

12	20	12-14-18-20			18.000000	3
12	20	12-13-19-20			11.000000	3

12	21	12-14-18-21			13.000000	3
12	21	12-17-22-21			11.000000	3

12	22	12-17-22			6.000000	2
12	22	12-14-18-22			14.000000	3

12	23	12-17-23			8.000000	2
12	23	12-14-18-23			13.000000	3

13	0	13-7-8-0			17.000000	3
13	0	13-12-9-0			12.000000	3

13	1	13-7-8-0-1			19.000000	4
13	1	13-12-8-2-1			17.000000	4

13	2	13-7-8-2			18.000000	3
13	2	13-12-8-0-1-2			18.000000	5

13	3	13-7-8-2-3			25.000000	4
13	3	13-14-7-6-5-4-3			21.000000	6

13	4	13-7-6-5-4			15.000000	4
13	4	13-12-8-2-3-4			21.000000	5

13	5	13-7-6-5			14.000000	3
13	5	13-12-8-2-3-4-5			22.000000	6

13	6	13-7-6			11.000000	2
13	6	13-12-8-2-3-4-5-6			25.000000	7

13	7	13-7			7.000000	1
13	7	13-14-7			10.000000	2

13	8	13-7-8			13.000000	2
13	8	13-12-8			6.000000	2

13	9	13-12-9			7.000000	2
13	9	13-7-8-9			22.000000	3

13	10	13-12-9-10			14.000000	3
13	10	13-7-8-11-10			29.000000	4

13	11	13-12-11			10.000000	2
13	11	13-7-8-11			23.000000	3

13	12	13-12			4.000000	1
13	12	13-14-12			8.000000	2

13	14	13-14			2.000000	1
13	14	13-7-14			15.000000	2

13	15	13-12-17-15			15.000000	3
13	15	13-14-18-15			15.000000	3

13	16	13-12-17-16			10.000000	3
13	16	13-14-17-15-16			25.000000	4

13	17	13-12-17			7.000000	2
13	17	13-14-17			8.000000	2

13	18	13-14-18			8.000000	2
13	18	13-19-18			10.000000	2

13	19	13-19			5.000000	1
13	19	13-14-19			11.000000	2

13	20	13-19-20			7.000000	2
13	20	13-14-18-20			14.000000	3

13	21	13-14-18-21			9.000000	3
13	21	13-19-20-21			12.000000	3

13	22	13-12-17-22			10.000000	3
13	22	13-14-18-22			10.000000	3

13	23	13-12-17-23			12.000000	3
13	23	13-14-18-23			9.000000	3

14	0	14-8-0			10.000000	2
14	0	14-12-9-0			14.000000	3

14	1	14-8-0-1			12.000000	3
14	1	14-7-8-2-1			25.000000	4

14	2	14-8-2			11.000000	2
14	2	14-7-8-0-1-2			26.000000	5

14	3	14-8-2-3			18.000000	3
14	3	14-7-6-5-4-3			19.000000	5

14	4	14-7-6-5-4			16.000000	4
14	4	14-8-2-3-4			21.000000	4

14	5	14-7-6-5			15.000000	3
14	5	14-8-2-3-4-5			22.000000	5

14	6	14-7-6			12.000000	2
14	6	14-8-2-3-4-5-6			25.000000	6

14	7	14-7			8.000000	1
14	7	14-8-7			12.000000	2

14	8	14-8			6.000000	1
14	8	14-7-8			14.000000	2

14	9	14-8-9			15.000000	2
14	9	14-12-9			9.000000	2

14	10	14-8-9-10			22.000000	3
14	10	14-12-11-10			18.000000	3

14	11	14-8-11			16.000000	2
14	11	14-12-11			12.000000	2

14	12	14-12			6.000000	1
14	12	14-8-12			8.000000	2

14	13	14-13			2.000000	1
14	13	14-7-13			15.000000	2

14	15	14-17-15			14.000000	2
14	15	14-18-15			13.000000	2

14	16	14-17-16			9.000000	2
14	16	14-18-15-16			22.000000	3

14	17	14-17			6.000000	1
14	17	14-12-17			9.000000	2

14	18	14-18			6.000000	1
14	18	14-17-18			11.000000	2

14	19	14-19			9.000000	1
14	19	14-13-19			7.000000	2

14	20	14-18-20			12.000000	2
14	20	14-19-20			11.000000	2

14	21	14-18-21			7.000000	2
14	21	14-19-20-21			16.000000	3

14	22	14-17-22			9.000000	2
14	22	14-18-22			8.000000	2

14	23	14-17-23			11.000000	2
14	23	14-18-23			7.000000	2

15	0	15-10-9-0			18.000000	3
15	0	15-17-11-8-0			29.000000	4

15	1	15-10-9-0-1			20.000000	4
15	1	15-17-11-8-2-1			36.000000	5

15	2	15-10-9-8-2			27.000000	4
15	2	15-17-11-8-0-1-2			37.000000	6

15	3	15-10-9-8-2-3			34.000000	5
15	3	15-17-14-7-6-5-4-3			33.000000	7

15	4	15-10-9-8-2-3-4			37.000000	6
15	4	15-17-14-7-6-5-4			30.000000	6

15	5	15-17-14-7-6-5			29.000000	5
15	5	15-10-9-8-2-3-4-5			38.000000	7

15	6	15-17-14-7-6			26.000000	4
15	6	15-10-9-8-2-3-4-5-6			41.000000	8

15	7	15-17-14-7			22.000000	3
15	7	15-10-9-8-7			28.000000	4

15	8	15-10-9-8			22.000000	3
15	8	15-17-11-8			25.000000	3

15	9	15-10-9			13.000000	2
15	9	15-17-12-9			14.000000	3

15	10	15-10			6.000000	1
15	10	15-17-11-10			21.000000	3

15	11	15-10-11			12.000000	2
15	11	15-17-11			15.000000	2

15	12	15-17-12			11.000000	2
15	12	15-10-9-12			16.000000	3

15	13	15-17-12-13			15.000000	3
15	13	15-18-14-13			15.000000	3

15	14	15-17-14			14.000000	2
15	14	15-18-14			13.000000	2

15	16	15-16			9.000000	1
15	16	15-17-16			11.000000	2

15	17	15-17			8.000000	1
15	17	15-16-17			12.000000	2

15	18	15-18			7.000000	1
15	18	15-17-18			13.000000	2

15	19	15-18-19			12.000000	2
15	19	15-17-14-19			23.000000	3

15	20	15-18-20			13.000000	2
15	20	15-17-14-19-20			25.000000	4

15	21	15-18-21			8.000000	2
15	21	15-17-22-21			16.000000	3

15	22	15-17-22			11.000000	2
15	22	15-18-22			9.000000	2

15	23	15-16-23			13.000000	2
15	23	15-17-23			13.000000	2

16	0	16-15-10-9-0			27.000000	4
16	0	16-17-11-8-0			24.000000	4

16	1	16-15-10-9-0-1			29.000000	5
16	1	16-17-11-8-2-1			31.000000	5

16	2	16-17-11-8-2			25.000000	4
16	2	16-15-10-9-0-1-2			35.000000	6

16	3	16-17-11-8-2-3			32.000000	5
16	3	16-15-17-14-7-6-5-4-3			42.000000	8

16	4	16-17-11-8-2-3-4			35.000000	6
16	4	16-15-17-14-7-6-5-4			39.000000	7

16	5	16-17-14-7-6-5			24.000000	5
16	5	16-15-10-9-8-2-3-4-5			47.000000	8

16	6	16-17-14-7-6			21.000000	4
16	6	16-15-10-9-8-2-3-4-5-6			50.000000	9

16	7	16-17-14-7			17.000000	3
16	7	16-15-10-9-8-7			37.000000	5

16	8	16-17-11-8			20.000000	3
16	8	16-15-10-9-8			31.000000	4

16	9	16-15-10-9			22.000000	3
16	9	16-17-12-9			9.000000	3

16	10	16-15-10			15.000000	2
16	10	16-17-11-10			16.000000	3

16	11	16-17-11			10.000000	2
16	11	16-15-10-11			21.000000	3

16	12	16-17-12			6.000000	2
16	12	16-15-10-9-12			25.000000	4

16	13	16-17-12-13			10.000000	3
16	13	16-15-17-14-13			25.000000	4

16	14	16-17-14			9.000000	2
16	14	16-15-18-14			22.000000	3

16	15	16-15			9.000000	1
16	15	16-17-15			11.000000	2

16	17	16-17			3.000000	1
16	17	16-15-17			17.000000	2

16	18	16-15-18			16.000000	2
16	18	16-17-18			8.000000	2

16	19	16-17-14-19			18.000000	3
16	19	16-15-18-19			21.000000	3

16	20	16-15-18-20			22.000000	3
16	20	16-17-14-19-20			20.000000	4

16	21	16-15-18-21			17.000000	3
16	21	16-17-22-21			11.000000	3

16	22	16-17-22			6.000000	2
16	22	16-23-22			10.000000	2

16	23	16-23			4.000000	1
16	23	16-17-23			8.000000	2

17	0	17-11-8-0			21.000000	3
17	0	17-12-9-0			11.000000	3

17	1	17-11-8-0-1			23.000000	4
17	1	17-12-8-2-1			16.000000	4

17	2	17-11-8-2			22.000000	3
17	2	17-12-8-0-1-2			17.000000	5

17	3	17-11-8-2-3			29.000000	4
17	3	17-14-7-6-5-4-3			25.000000	6

17	4	17-11-8-2-3-4			32.000000	5
17	4	17-14-7-6-5-4			22.000000	5

17	5	17-14-7-6-5			21.000000	4
17	5	17-11-8-2-3-4-5			33.000000	6

17	6	17-14-7-6			18.000000	3
17	6	17-11-8-2-3-4-5-6			36.000000	7

17	7	17-14-7			14.000000	2
17	7	17-11-8-7			23.000000	3

17	8	17-11-8			17.000000	2
17	8	17-12-8			5.000000	2

17	9	17-12-9			6.000000	2
17	9	17-11-8-9			26.000000	3

17	10	17-11-10			13.000000	2
17	10	17-15-10			14.000000	2

17	11	17-11			7.000000	1
17	11	17-12-11			9.000000	2

17	12	17-12			3.000000	1
17	12	17-11-12			13.000000	2

17	13	17-12-13			7.000000	2
17	13	17-14-13			8.000000	2

17	14	17-14			6.000000	1
17	14	17-12-14			9.000000	2

17	15	17-15			8.000000	1
17	15	17-16-15			12.000000	2

17	16	17-16			3.000000	1
17	16	17-15-16			17.000000	2

17	18	17-18			5.000000	1
17	18	17-14-18			12.000000	2

17	19	17-14-19			15.000000	2
17	19	17-18-19			10.000000	2

17	20	17-18-20			11.000000	2
17	20	17-14-19-20			17.000000	3

17	21	17-18-21			6.000000	2
17	21	17-22-21			8.000000	2

17	22	17-22			3.000000	1
17	22	17-18-22			7.000000	2

17	23	17-23			5.000000	1
17	23	17-16-23			7.000000	2

18	0	18-14-8-0			16.000000	3
18	0	18-15-10-9-0			25.000000	4

18	1	18-14-8-0-1			18.000000	4
18	1	18-17-11-8-2-1			33.000000	5

18	2	18-14-8-2			17.000000	3
18	2	18-15-10-9-0-1-2			33.000000	6

18	3	18-14-8-2-3			24.000000	4
18	3	18-17-14-7-6-5-4-3			30.000000	7

18	4	18-14-7-6-5-4			22.000000	5
18	4	18-17-11-8-2-3-4			37.000000	6

18	5	18-14-7-6-5			21.000000	4
18	5	18-17-11-8-2-3-4-5			38.000000	7

18	6	18-14-7-6			18.000000	3
18	6	18-17-11-8-2-3-4-5-6			41.000000	8

18	7	18-14-7			14.000000	2
18	7	18-19-13-7			17.000000	3

18	8	18-14-8			12.000000	2
18	8	18-17-11-8			22.000000	3

18	9	18-14-8-9			21.000000	3
18	9	18-15-10-9			20.000000	3

18	10	18-15-10			13.000000	2
18	10	18-17-11-10			18.000000	3

18	11	18-17-11			12.000000	2
18	11	18-14-8-11			22.000000	3

18	12	18-14-12			12.000000	2
18	12	18-17-12			8.000000	2

18	13	18-14-13			8.000000	2
18	13	18-19-13			10.000000	2

18	14	18-14			6.000000	1
18	14	18-17-14			11.000000	2

18	15	18-15			7.000000	1
18	15	18-17-15			13.000000	2

18	16	18-15-16			16.000000	2
18	16	18-17-16			8.000000	2

18	17	18-17			5.000000	1
18	17	18-14-17			12.000000	2

18	19	18-19			5.000000	1
18	19	18-14-19			15.000000	2

18	20	18-20			6.000000	1
18	20	18-19-20			7.000000	2

18	21	18-21			1.000000	1
18	21	18-20-21			11.000000	2

18	22	18-22			2.000000	1
18	22	18-17-22			8.000000	2

18	23	18-23			1.000000	1
18	23	18-17-23			10.000000	2

19	0	19-14-8-0			19.000000	3
19	0	19-13-12-9-0			17.000000	4

19	1	19-14-8-0-1			21.000000	4
19	1	19-13-7-8-2-1			29.000000	5

19	2	19-14-8-2			20.000000	3
19	2	19-13-7-8-0-1-2			30.000000	6

19	3	19-14-8-2-3			27.000000	4
19	3	19-13-7-6-5-4-3			23.000000	6

19	4	19-13-7-6-5-4			20.000000	5
19	4	19-14-8-2-3-4			30.000000	5

19	5	19-13-7-6-5			19.000000	4
19	5	19-14-8-2-3-4-5			31.000000	6

19	6	19-13-7-6			16.000000	3
19	6	19-14-8-2-3-4-5-6			34.000000	7

19	7	19-13-7			12.000000	2
19	7	19-14-7			17.000000	2

19	8	19-14-8			15.000000	2
19	8	19-13-7-8			18.000000	3

19	9	19-13-12-9			12.000000	3
19	9	19-14-8-9			24.000000	3

19	10	19-18-15-10			18.000000	3
19	10	19-13-12-9-10			19.000000	4

19	11	19-13-12-11			15.000000	3
19	11	19-14-8-11			25.000000	3

19	12	19-13-12			9.000000	2
19	12	19-14-12			15.000000	2

19	13	19-13			5.000000	1
19	13	19-14-13			11.000000	2

19	14	19-14			9.000000	1
19	14	19-13-14			7.000000	2

19	15	19-18-15			12.000000	2
19	15	19-14-17-15			23.000000	3

19	16	19-14-17-16			18.000000	3
19	16	19-18-15-16			21.000000	3

19	17	19-14-17			15.000000	2
19	17	19-18-17			10.000000	2

19	18	19-18			5.000000	1
19	18	19-14-18			15.000000	2

19	20	19-20			2.000000	1
19	20	19-18-20			11.000000	2

19	21	19-18-21			6.000000	2
19	21	19-20-21			7.000000	2

19	22	19-18-22			7.000000	2
19	22	19-14-17-22			18.000000	3

19	23	19-18-23			6.000000	2
19	23	19-14-17-23			20.000000	3

20	0	20-18-14-8-0			22.000000	4
20	0	20-19-13-12-9-0			19.000000	5

20	1	20-18-14-8-0-1			24.000000	5
20	1	20-19-13-7-8-2-1			31.000000	6

20	2	20-18-14-8-2			23.000000	4
20	2	20-19-13-7-8-0-1-2			32.000000	7

20	3	20-18-14-8-2-3			30.000000	5
20	3	20-19-13-7-6-5-4-3			25.000000	7

20	4	20-18-14-7-6-5-4			28.000000	6
20	4	20-19-14-8-2-3-4			32.000000	6

20	5	20-18-14-7-6-5			27.000000	5
20	5	20-19-14-8-2-3-4-5			33.000000	7

20	6	20-18-14-7-6			24.000000	4
20	6	20-19-14-8-2-3-4-5-6			36.000000	8

20	7	20-18-14-7			20.000000	3
20	7	20-19-13-7			14.000000	3

20	8	20-18-14-8			18.000000	3
20	8	20-19-13-7-8			20.000000	4

20	9	20-18-14-8-9			27.000000	4
20	9	20-19-13-12-9			14.000000	4

20	10	20-18-15-10			19.000000	3
20	10	20-19-13-12-9-10			21.000000	5

20	11	20-18-17-11			18.000000	3
20	11	20-19-13-12-11			17.000000	4

20	12	20-18-14-12			18.000000	3
20	12	20-19-13-12			11.000000	3

20	13	20-19-13			7.000000	2
20	13	20-18-14-13			14.000000	3

20	14	20-18-14			12.000000	2
20	14	20-19-14			11.000000	2

20	15	20-18-15			13.000000	2
20	15	20-19-14-17-15			25.000000	4

20	16	20-18-15-16			22.000000	3
20	16	20-19-14-17-16			20.000000	4

20	17	20-18-17			11.000000	2
20	17	20-19-14-17			17.000000	3

20	18	20-18			6.000000	1
20	18	20-19-18			7.000000	2

20	19	20-19			2.000000	1
20	19	20-18-19			11.000000	2

20	21	20-21			5.000000	1
20	21	20-18-21			7.000000	2

20	22	20-18-22			8.000000	2
20	22	20-21-22			10.000000	2

20	23	20-18-23			7.000000	2
20	23	20-21-22-23			16.000000	3

21	0	21-18-14-8-0			17.000000	4
21	0	21-22-17-12-9-0			19.000000	5

21	1	21-18-14-8-0-1			19.000000	5
21	1	21-22-17-11-8-2-1			36.000000	6

21	2	21-18-14-8-2			18.000000	4
21	2	21-22-17-11-8-0-1-2			37.000000	7

21	3	21-18-14-8-2-3			25.000000	5
21	3	21-20-19-13-7-6-5-4-3			30.000000	8

21	4	21-18-14-7-6-5-4			23.000000	6
21	4	21-20-19-14-8-2-3-4			37.000000	7

21	5	21-18-14-7-6-5			22.000000	5
21	5	21-20-19-14-8-2-3-4-5			38.000000	8

21	6	21-18-14-7-6			19.000000	4
21	6	21-20-19-14-8-2-3-4-5-6			41.000000	9

21	7	21-18-14-7			15.000000	3
21	7	21-20-19-13-7			19.000000	4

21	8	21-18-14-8			13.000000	3
21	8	21-22-17-11-8			25.000000	4

21	9	21-18-14-8-9			22.000000	4
21	9	21-22-17-12-9			14.000000	4

21	10	21-18-15-10			14.000000	3
21	10	21-22-17-11-10			21.000000	4

21	11	21-18-17-11			13.000000	3
21	11	21-22-17-12-11			17.000000	4

21	12	21-18-14-12			13.000000	3
21	12	21-22-17-12			11.000000	3

21	13	21-18-14-13			9.000000	3
21	13	21-20-19-13			12.000000	3

21	14	21-18-14			7.000000	2
21	14	21-20-19-14			16.000000	3

21	15	21-18-15			8.000000	2
21	15	21-22-17-15			16.000000	3

21	16	21-18-15-16			17.000000	3
21	16	21-22-17-16			11.000000	3

21	17	21-18-17			6.000000	2
21	17	21-22-17			8.000000	2

21	18	21-18			1.000000	1
21	18	21-20-18			11.000000	2

21	19	21-18-19			6.000000	2
21	19	21-20-19			7.000000	2

21	20	21-20			5.000000	1
21	20	21-18-20			7.000000	2

21	22	21-22			5.000000	1
21	22	21-18-22			3.000000	2

21	23	21-18-23			2.000000	2
21	23	21-22-23			11.000000	2

22	0	22-17-11-8-0			24.000000	4
22	0	22-18-14-8-9-0			28.000000	5

22	1	22-17-11-8-0-1			26.000000	5
22	1	22-18-14-8-2-1			25.000000	5

22	2	22-17-11-8-2			25.000000	4
22	2	22-18-14-8-0-1-2			26.000000	6

22	3	22-17-11-8-2-3			32.000000	5
22	3	22-18-14-7-6-5-4-3			27.000000	7

22	4	22-17-11-8-2-3-4			35.000000	6
22	4	22-18-14-7-6-5-4			24.000000	6

22	5	22-17-14-7-6-5			24.000000	5
22	5	22-18-14-8-2-3-4-5			30.000000	7

22	6	22-17-14-7-6			21.000000	4
22	6	22-18-14-8-2-3-4-5-6			33.000000	8

22	7	22-17-14-7			17.000000	3
22	7	22-18-14-8-7			20.000000	4

22	8	22-17-11-8			20.000000	3
22	8	22-18-14-8			14.000000	3

22	9	22-17-12-9			9.000000	3
22	9	22-18-14-8-9			23.000000	4

22	10	22-17-11-10			16.000000	3
22	10	22-18-15-10			15.000000	3

22	11	22-17-11			10.000000	2
22	11	22-18-14-8-11			24.000000	4

22	12	22-17-12			6.000000	2
22	12	22-18-14-12			14.000000	3

22	13	22-17-12-13			10.000000	3
22	13	22-18-14-13			10.000000	3

22	14	22-17-14			9.000000	2
22	14	22-18-14			8.000000	2

22	15	22-17-15			11.000000	2
22	15	22-18-15			9.000000	2

22	16	22-17-16			6.000000	2
22	16	22-23-16			10.000000	2

22	17	22-17			3.000000	1
22	17	22-18-17			7.000000	2

22	18	22-18			2.000000	1
22	18	22-17-18			8.000000	2

22	19	22-18-19			7.000000	2
22	19	22-17-14-19			18.000000	3

22	20	22-18-20			8.000000	2
22	20	22-21-20			10.000000	2

22	21	22-21			5.000000	1
22	21	22-18-21			3.000000	2

22	23	22-23			6.000000	1
22	23	22-17-23			8.000000	2

23	0	23-17-11-8-0			26.000000	4
23	0	23-16-15-10-9-0			31.000000	5

23	1	23-17-11-8-0-1			28.000000	5
23	1	23-18-14-8-2-1			24.000000	5

23	2	23-17-11-8-2			27.000000	4
23	2	23-18-14-8-0-1-2			25.000000	6

23	3	23-17-11-8-2-3			34.000000	5
23	3	23-18-14-7-6-5-4-3			26.000000	7

23	4	23-17-11-8-2-3-4			37.000000	6
23	4	23-18-14-7-6-5-4			23.000000	6

23	5	23-17-14-7-6-5			26.000000	5
23	5	23-18-14-8-2-3-4-5			29.000000	7

23	6	23-17-14-7-6			23.000000	4
23	6	23-18-14-8-2-3-4-5-6			32.000000	8

23	7	23-17-14-7			19.000000	3
23	7	23-18-14-8-7			19.000000	4

23	8	23-17-11-8			22.000000	3
23	8	23-18-14-8			13.000000	3

23	9	23-17-12-9			11.000000	3
23	9	23-16-15-10-9			26.000000	4

23	10	23-16-15-10			19.000000	3
23	10	23-17-11-10			18.000000	3

23	11	23-17-11			12.000000	2
23	11	23-16-15-10-11			25.000000	4

23	12	23-17-12			8.000000	2
23	12	23-18-14-12			13.000000	3

23	13	23-17-12-13			12.000000	3
23	13	23-18-14-13			9.000000	3

23	14	23-17-14			11.000000	2
23	14	23-18-14			7.000000	2

23	15	23-16-15			13.000000	2
23	15	23-17-15			13.000000	2

23	16	23-16			4.000000	1
23	16	23-17-16			8.000000	2

23	17	23-17			5.000000	1
23	17	23-16-17			7.000000	2

23	18	23-18			1.000000	1
23	18	23-17-18			10.000000	2

23	19	23-18-19			6.000000	2
23	19	23-17-14-19			20.000000	3

23	20	23-18-20			7.000000	2
23	20	23-22-21-20			16.000000	3

23	21	23-18-21			2.000000	2
23	21	23-22-21			11.000000	2

23	22	23-22			6.000000	1
23	22	23-17-22			8.000000	2

