1 0 2 8 0 
2 0 8 0 
3 0 4 5 6 7 8 0 
4 0 5 6 7 8 0 
5 0 4 3 2 1 0 
6 0 5 4 3 2 1 0 
7 0 13 12 9 0 
8 0 9 0 
9 0 8 0 
10 0 11 8 0 
11 0 10 9 0 
12 0 9 0 
13 0 12 9 0 
14 0 12 9 0 
15 0 17 11 8 0 
16 0 17 11 8 0 
17 0 12 9 0 
18 0 15 10 9 0 
19 0 13 12 9 0 
20 0 19 13 12 9 0 
21 0 22 17 12 9 0 
22 0 18 14 8 9 0 
23 0 16 15 10 9 0 
0 1 8 2 1 
2 1 8 0 1 
3 1 4 5 6 7 8 0 1 
4 1 5 6 7 8 0 1 
5 1 6 7 8 0 1 
6 1 5 4 3 2 1 
7 1 14 8 2 1 
8 1 2 1 
9 1 8 2 1 
10 1 11 8 2 1 
11 1 12 8 2 1 
12 1 9 8 2 1 
13 1 12 8 2 1 
14 1 7 8 2 1 
15 1 17 11 8 2 1 
16 1 17 11 8 2 1 
17 1 12 8 2 1 
18 1 17 11 8 2 1 
19 1 13 7 8 2 1 
20 1 19 13 7 8 2 1 
21 1 22 17 11 8 2 1 
22 1 18 14 8 2 1 
23 1 18 14 8 2 1 
0 2 8 2 
1 2 0 8 2 
3 2 4 5 6 7 8 2 
4 2 5 6 7 8 2 
5 2 6 7 8 2 
6 2 5 4 3 2 
7 2 6 5 4 3 2 
8 2 0 1 2 
9 2 0 1 2 
10 2 11 8 0 1 2 
11 2 10 9 0 1 2 
12 2 9 0 1 2 
13 2 12 8 0 1 2 
14 2 7 8 0 1 2 
15 2 17 11 8 0 1 2 
16 2 15 10 9 0 1 2 
17 2 12 8 0 1 2 
18 2 15 10 9 0 1 2 
19 2 13 7 8 0 1 2 
20 2 19 13 7 8 0 1 2 
21 2 22 17 11 8 0 1 2 
22 2 18 14 8 0 1 2 
23 2 18 14 8 0 1 2 
0 3 8 7 6 5 4 3 
1 3 0 8 7 6 5 4 3 
2 3 8 7 6 5 4 3 
4 3 5 6 7 8 2 3 
5 3 6 7 8 2 3 
6 3 7 8 2 3 
7 3 6 5 4 3 
8 3 7 6 5 4 3 
9 3 0 8 7 6 5 4 3 
10 3 11 8 7 6 5 4 3 
11 3 12 8 7 6 5 4 3 
12 3 13 7 6 5 4 3 
13 3 14 7 6 5 4 3 
14 3 7 6 5 4 3 
15 3 17 14 7 6 5 4 3 
16 3 15 17 14 7 6 5 4 3 
17 3 14 7 6 5 4 3 
18 3 17 14 7 6 5 4 3 
19 3 13 7 6 5 4 3 
20 3 19 13 7 6 5 4 3 
21 3 20 19 13 7 6 5 4 3 
22 3 18 14 7 6 5 4 3 
23 3 18 14 7 6 5 4 3 
0 4 8 7 6 5 4 
1 4 0 8 7 6 5 4 
2 4 8 7 6 5 4 
3 4 2 8 7 6 5 4 
5 4 6 7 8 2 3 4 
6 4 7 8 2 3 4 
7 4 8 2 3 4 
8 4 7 6 5 4 
9 4 0 8 7 6 5 4 
10 4 11 8 7 6 5 4 
11 4 12 8 7 6 5 4 
12 4 13 7 6 5 4 
13 4 12 8 2 3 4 
14 4 8 2 3 4 
15 4 17 14 7 6 5 4 
16 4 15 17 14 7 6 5 4 
17 4 14 7 6 5 4 
18 4 17 11 8 2 3 4 
19 4 14 8 2 3 4 
20 4 19 14 8 2 3 4 
21 4 20 19 14 8 2 3 4 
22 4 18 14 7 6 5 4 
23 4 18 14 7 6 5 4 
0 5 1 2 3 4 5 
1 5 0 8 7 6 5 
2 5 8 7 6 5 
3 5 2 8 7 6 5 
4 5 3 2 8 7 6 5 
6 5 7 8 2 3 4 5 
7 5 8 2 3 4 5 
8 5 2 3 4 5 
9 5 0 1 2 3 4 5 
10 5 11 8 2 3 4 5 
11 5 12 8 2 3 4 5 
12 5 9 8 2 3 4 5 
13 5 12 8 2 3 4 5 
14 5 8 2 3 4 5 
15 5 10 9 8 2 3 4 5 
16 5 15 10 9 8 2 3 4 5 
17 5 11 8 2 3 4 5 
18 5 17 11 8 2 3 4 5 
19 5 14 8 2 3 4 5 
20 5 19 14 8 2 3 4 5 
21 5 20 19 14 8 2 3 4 5 
22 5 18 14 8 2 3 4 5 
23 5 18 14 8 2 3 4 5 
0 6 1 2 3 4 5 6 
1 6 2 3 4 5 6 
2 6 3 4 5 6 
3 6 2 8 7 6 
4 6 3 2 8 7 6 
5 6 4 3 2 8 7 6 
7 6 8 2 3 4 5 6 
8 6 2 3 4 5 6 
9 6 0 1 2 3 4 5 6 
10 6 11 8 2 3 4 5 6 
11 6 12 8 2 3 4 5 6 
12 6 9 8 2 3 4 5 6 
13 6 12 8 2 3 4 5 6 
14 6 8 2 3 4 5 6 
15 6 10 9 8 2 3 4 5 6 
16 6 15 10 9 8 2 3 4 5 6 
17 6 11 8 2 3 4 5 6 
18 6 17 11 8 2 3 4 5 6 
19 6 14 8 2 3 4 5 6 
20 6 19 14 8 2 3 4 5 6 
21 6 20 19 14 8 2 3 4 5 6 
22 6 18 14 8 2 3 4 5 6 
23 6 18 14 8 2 3 4 5 6 
0 7 9 12 13 7 
1 7 2 8 14 7 
2 7 3 4 5 6 7 
3 7 4 5 6 7 
4 7 3 2 8 7 
5 7 4 3 2 8 7 
6 7 5 4 3 2 8 7 
8 7 14 7 
9 7 12 13 7 
10 7 11 12 13 7 
11 7 12 13 7 
12 7 13 7 
13 7 14 7 
14 7 8 7 
15 7 10 9 8 7 
16 7 15 10 9 8 7 
17 7 11 8 7 
18 7 19 13 7 
19 7 14 7 
20 7 19 13 7 
21 7 20 19 13 7 
22 7 18 14 8 7 
23 7 18 14 8 7 
0 8 9 8 
1 8 2 8 
2 8 1 0 8 
3 8 4 5 6 7 8 
4 8 5 6 7 8 
5 8 4 3 2 8 
6 8 5 4 3 2 8 
7 8 14 8 
9 8 0 8 
10 8 11 8 
11 8 12 8 
12 8 9 8 
13 8 12 8 
14 8 7 8 
15 8 17 11 8 
16 8 15 10 9 8 
17 8 12 8 
18 8 17 11 8 
19 8 13 7 8 
20 8 19 13 7 8 
21 8 22 17 11 8 
22 8 18 14 8 
23 8 18 14 8 
0 9 8 9 
1 9 2 8 9 
2 9 1 0 9 
3 9 4 5 6 7 8 0 9 
4 9 5 6 7 8 0 9 
5 9 4 3 2 1 0 9 
6 9 5 4 3 2 1 0 9 
7 9 13 12 9 
8 9 0 9 
10 9 11 8 9 
11 9 10 9 
12 9 8 9 
13 9 7 8 9 
14 9 12 9 
15 9 17 12 9 
16 9 17 12 9 
17 9 11 8 9 
18 9 15 10 9 
19 9 14 8 9 
20 9 19 13 12 9 
21 9 22 17 12 9 
22 9 18 14 8 9 
23 9 16 15 10 9 
0 10 8 11 10 
1 10 2 8 11 10 
2 10 1 0 8 11 10 
3 10 4 5 6 7 8 11 10 
4 10 5 6 7 8 11 10 
5 10 4 3 2 8 11 10 
6 10 5 4 3 2 8 11 10 
7 10 13 12 11 10 
8 10 11 10 
9 10 8 11 10 
11 10 8 9 10 
12 10 11 10 
13 10 7 8 11 10 
14 10 12 11 10 
15 10 17 11 10 
16 10 17 11 10 
17 10 15 10 
18 10 17 11 10 
19 10 13 12 9 10 
20 10 19 13 12 9 10 
21 10 22 17 11 10 
22 10 18 15 10 
23 10 17 11 10 
0 11 9 10 11 
1 11 2 8 12 11 
2 11 1 0 9 10 11 
3 11 4 5 6 7 8 12 11 
4 11 5 6 7 8 12 11 
5 11 4 3 2 8 12 11 
6 11 5 4 3 2 8 12 11 
7 11 13 12 11 
8 11 12 11 
9 11 10 11 
10 11 9 8 11 
12 11 8 11 
13 11 7 8 11 
14 11 12 11 
15 11 17 11 
16 11 15 10 11 
17 11 12 11 
18 11 14 8 11 
19 11 14 8 11 
20 11 19 13 12 11 
21 11 22 17 12 11 
22 11 18 14 8 11 
23 11 16 15 10 11 
0 12 9 12 
1 12 2 8 9 12 
2 12 1 0 9 12 
3 12 4 5 6 7 13 12 
4 12 5 6 7 13 12 
5 12 4 3 2 8 9 12 
6 12 5 4 3 2 8 9 12 
7 12 13 12 
8 12 9 12 
9 12 8 12 
10 12 11 12 
11 12 8 12 
13 12 14 12 
14 12 8 12 
15 12 10 9 12 
16 12 15 10 9 12 
17 12 11 12 
18 12 17 12 
19 12 14 12 
20 12 19 13 12 
21 12 22 17 12 
22 12 18 14 12 
23 12 18 14 12 
0 13 9 12 13 
1 13 2 8 12 13 
2 13 1 0 8 12 13 
3 13 4 5 6 7 14 13 
4 13 3 2 8 12 13 
5 13 4 3 2 8 12 13 
6 13 5 4 3 2 8 12 13 
7 13 14 13 
8 13 12 13 
9 13 8 7 13 
10 13 11 8 7 13 
11 13 8 7 13 
12 13 14 13 
14 13 7 13 
15 13 18 14 13 
16 13 15 17 14 13 
17 13 14 13 
18 13 19 13 
19 13 14 13 
20 13 18 14 13 
21 13 20 19 13 
22 13 18 14 13 
23 13 18 14 13 
0 14 9 12 14 
1 14 2 8 7 14 
2 14 1 0 8 7 14 
3 14 4 5 6 7 14 
4 14 3 2 8 14 
5 14 4 3 2 8 14 
6 14 5 4 3 2 8 14 
7 14 8 14 
8 14 7 14 
9 14 12 14 
10 14 11 12 14 
11 14 12 14 
12 14 8 14 
13 14 7 14 
15 14 18 14 
16 14 15 18 14 
17 14 12 14 
18 14 17 14 
19 14 13 14 
20 14 19 14 
21 14 20 19 14 
22 14 18 14 
23 14 18 14 
0 15 8 11 17 15 
1 15 2 8 11 17 15 
2 15 1 0 8 11 17 15 
3 15 4 5 6 7 14 17 15 
4 15 5 6 7 14 17 15 
5 15 4 3 2 8 9 10 15 
6 15 5 4 3 2 8 9 10 15 
7 15 8 9 10 15 
8 15 11 17 15 
9 15 12 17 15 
10 15 11 17 15 
11 15 17 15 
12 15 9 10 15 
13 15 14 18 15 
14 15 18 15 
16 15 17 15 
17 15 16 15 
18 15 17 15 
19 15 14 17 15 
20 15 19 14 17 15 
21 15 22 17 15 
22 15 18 15 
23 15 17 15 
0 16 8 11 17 16 
1 16 2 8 11 17 16 
2 16 1 0 9 10 15 16 
3 16 4 5 6 7 14 17 15 16 
4 16 5 6 7 14 17 15 16 
5 16 4 3 2 8 9 10 15 16 
6 16 5 4 3 2 8 9 10 15 16 
7 16 8 9 10 15 16 
8 16 9 10 15 16 
9 16 12 17 16 
10 16 11 17 16 
11 16 10 15 16 
12 16 9 10 15 16 
13 16 14 17 15 16 
14 16 18 15 16 
15 16 17 16 
17 16 15 16 
18 16 17 16 
19 16 18 15 16 
20 16 19 14 17 16 
21 16 22 17 16 
22 16 23 16 
23 16 17 16 
0 17 9 12 17 
1 17 2 8 12 17 
2 17 1 0 8 12 17 
3 17 4 5 6 7 14 17 
4 17 5 6 7 14 17 
5 17 4 3 2 8 11 17 
6 17 5 4 3 2 8 11 17 
7 17 8 11 17 
8 17 12 17 
9 17 8 11 17 
10 17 15 17 
11 17 12 17 
12 17 11 17 
13 17 14 17 
14 17 12 17 
15 17 16 17 
16 17 15 17 
18 17 14 17 
19 17 18 17 
20 17 19 14 17 
21 17 22 17 
22 17 18 17 
23 17 16 17 
0 18 9 10 15 18 
1 18 2 8 11 17 18 
2 18 1 0 9 10 15 18 
3 18 4 5 6 7 14 17 18 
4 18 3 2 8 11 17 18 
5 18 4 3 2 8 11 17 18 
6 18 5 4 3 2 8 11 17 18 
7 18 13 19 18 
8 18 11 17 18 
9 18 10 15 18 
10 18 11 17 18 
11 18 8 14 18 
12 18 17 18 
13 18 19 18 
14 18 17 18 
15 18 17 18 
16 18 17 18 
17 18 14 18 
19 18 14 18 
20 18 19 18 
21 18 20 18 
22 18 17 18 
23 18 17 18 
0 19 9 12 13 19 
1 19 2 8 7 13 19 
2 19 1 0 8 7 13 19 
3 19 4 5 6 7 13 19 
4 19 3 2 8 14 19 
5 19 4 3 2 8 14 19 
6 19 5 4 3 2 8 14 19 
7 19 14 19 
8 19 7 13 19 
9 19 8 14 19 
10 19 9 12 13 19 
11 19 8 14 19 
12 19 14 19 
13 19 14 19 
14 19 13 19 
15 19 17 14 19 
16 19 15 18 19 
17 19 18 19 
18 19 14 19 
20 19 18 19 
21 19 20 19 
22 19 17 14 19 
23 19 17 14 19 
0 20 9 12 13 19 20 
1 20 2 8 7 13 19 20 
2 20 1 0 8 7 13 19 20 
3 20 4 5 6 7 13 19 20 
4 20 3 2 8 14 19 20 
5 20 4 3 2 8 14 19 20 
6 20 5 4 3 2 8 14 19 20 
7 20 13 19 20 
8 20 7 13 19 20 
9 20 12 13 19 20 
10 20 9 12 13 19 20 
11 20 12 13 19 20 
12 20 13 19 20 
13 20 14 18 20 
14 20 19 20 
15 20 17 14 19 20 
16 20 17 14 19 20 
17 20 14 19 20 
18 20 19 20 
19 20 18 20 
21 20 18 20 
22 20 21 20 
23 20 22 21 20 
0 21 9 12 17 22 21 
1 21 2 8 11 17 22 21 
2 21 1 0 8 11 17 22 21 
3 21 4 5 6 7 13 19 20 21 
4 21 3 2 8 14 19 20 21 
5 21 4 3 2 8 14 19 20 21 
6 21 5 4 3 2 8 14 19 20 21 
7 21 13 19 20 21 
8 21 11 17 22 21 
9 21 12 17 22 21 
10 21 11 17 22 21 
11 21 12 17 22 21 
12 21 17 22 21 
13 21 19 20 21 
14 21 19 20 21 
15 21 17 22 21 
16 21 17 22 21 
17 21 22 21 
18 21 20 21 
19 21 20 21 
20 21 18 21 
22 21 18 21 
23 21 22 21 
0 22 9 8 14 18 22 
1 22 2 8 14 18 22 
2 22 1 0 8 14 18 22 
3 22 4 5 6 7 14 18 22 
4 22 5 6 7 14 18 22 
5 22 4 3 2 8 14 18 22 
6 22 5 4 3 2 8 14 18 22 
7 22 8 14 18 22 
8 22 14 18 22 
9 22 8 14 18 22 
10 22 15 18 22 
11 22 8 14 18 22 
12 22 14 18 22 
13 22 14 18 22 
14 22 18 22 
15 22 18 22 
16 22 23 22 
17 22 18 22 
18 22 17 22 
19 22 14 17 22 
20 22 21 22 
21 22 18 22 
23 22 17 22 
0 23 9 10 15 16 23 
1 23 2 8 14 18 23 
2 23 1 0 8 14 18 23 
3 23 4 5 6 7 14 18 23 
4 23 5 6 7 14 18 23 
5 23 4 3 2 8 14 18 23 
6 23 5 4 3 2 8 14 18 23 
7 23 8 14 18 23 
8 23 14 18 23 
9 23 10 15 16 23 
10 23 11 17 23 
11 23 10 15 16 23 
12 23 14 18 23 
13 23 14 18 23 
14 23 18 23 
15 23 17 23 
16 23 17 23 
17 23 16 23 
18 23 17 23 
19 23 14 17 23 
20 23 21 22 23 
21 23 22 23 
22 23 17 23 
