1 0 0 
2 0 1 0 
3 0 2 1 0 
4 0 3 2 1 0 
5 0 6 7 8 0 
6 0 7 8 0 
7 0 8 0 
8 0 0 
9 0 0 
10 0 9 0 
11 0 8 0 
12 0 8 0 
13 0 7 8 0 
14 0 8 0 
15 0 10 9 0 
16 0 15 10 9 0 
17 0 11 8 0 
18 0 14 8 0 
19 0 14 8 0 
20 0 18 14 8 0 
21 0 18 14 8 0 
22 0 17 11 8 0 
23 0 17 11 8 0 
0 1 1 
2 1 1 
3 1 2 1 
4 1 3 2 1 
5 1 4 3 2 1 
6 1 7 8 0 1 
7 1 8 0 1 
8 1 0 1 
9 1 0 1 
10 1 9 0 1 
11 1 8 0 1 
12 1 8 0 1 
13 1 7 8 0 1 
14 1 8 0 1 
15 1 10 9 0 1 
16 1 15 10 9 0 1 
17 1 11 8 0 1 
18 1 14 8 0 1 
19 1 14 8 0 1 
20 1 18 14 8 0 1 
21 1 18 14 8 0 1 
22 1 17 11 8 0 1 
23 1 17 11 8 0 1 
0 2 1 2 
1 2 2 
3 2 2 
4 2 3 2 
5 2 4 3 2 
6 2 7 8 2 
7 2 8 2 
8 2 2 
9 2 8 2 
10 2 9 8 2 
11 2 8 2 
12 2 8 2 
13 2 7 8 2 
14 2 8 2 
15 2 10 9 8 2 
16 2 17 11 8 2 
17 2 11 8 2 
18 2 14 8 2 
19 2 14 8 2 
20 2 18 14 8 2 
21 2 18 14 8 2 
22 2 17 11 8 2 
23 2 17 11 8 2 
0 3 1 2 3 
1 3 2 3 
2 3 3 
4 3 3 
5 3 4 3 
6 3 5 4 3 
7 3 8 2 3 
8 3 2 3 
9 3 8 2 3 
10 3 9 8 2 3 
11 3 8 2 3 
12 3 8 2 3 
13 3 7 8 2 3 
14 3 8 2 3 
15 3 10 9 8 2 3 
16 3 17 11 8 2 3 
17 3 11 8 2 3 
18 3 14 8 2 3 
19 3 14 8 2 3 
20 3 18 14 8 2 3 
21 3 18 14 8 2 3 
22 3 17 11 8 2 3 
23 3 17 11 8 2 3 
0 4 1 2 3 4 
1 4 2 3 4 
2 4 3 4 
3 4 4 
5 4 4 
6 4 5 4 
7 4 6 5 4 
8 4 2 3 4 
9 4 8 2 3 4 
10 4 9 8 2 3 4 
11 4 8 2 3 4 
12 4 8 2 3 4 
13 4 7 6 5 4 
14 4 7 6 5 4 
15 4 10 9 8 2 3 4 
16 4 17 11 8 2 3 4 
17 4 11 8 2 3 4 
18 4 14 7 6 5 4 
19 4 13 7 6 5 4 
20 4 18 14 7 6 5 4 
21 4 18 14 7 6 5 4 
22 4 17 11 8 2 3 4 
23 4 17 11 8 2 3 4 
0 5 8 7 6 5 
1 5 2 3 4 5 
2 5 3 4 5 
3 5 4 5 
4 5 5 
6 5 5 
7 5 6 5 
8 5 7 6 5 
9 5 8 7 6 5 
10 5 9 8 7 6 5 
11 5 8 7 6 5 
12 5 8 7 6 5 
13 5 7 6 5 
14 5 7 6 5 
15 5 17 14 7 6 5 
16 5 17 14 7 6 5 
17 5 14 7 6 5 
18 5 14 7 6 5 
19 5 13 7 6 5 
20 5 18 14 7 6 5 
21 5 18 14 7 6 5 
22 5 17 14 7 6 5 
23 5 17 14 7 6 5 
0 6 8 7 6 
1 6 0 8 7 6 
2 6 8 7 6 
3 6 4 5 6 
4 6 5 6 
5 6 6 
7 6 6 
8 6 7 6 
9 6 8 7 6 
10 6 9 8 7 6 
11 6 8 7 6 
12 6 8 7 6 
13 6 7 6 
14 6 7 6 
15 6 17 14 7 6 
16 6 17 14 7 6 
17 6 14 7 6 
18 6 14 7 6 
19 6 13 7 6 
20 6 18 14 7 6 
21 6 18 14 7 6 
22 6 17 14 7 6 
23 6 17 14 7 6 
0 7 8 7 
1 7 0 8 7 
2 7 8 7 
3 7 2 8 7 
4 7 5 6 7 
5 7 6 7 
6 7 7 
8 7 7 
9 7 8 7 
10 7 9 8 7 
11 7 8 7 
12 7 8 7 
13 7 7 
14 7 7 
15 7 17 14 7 
16 7 17 14 7 
17 7 14 7 
18 7 14 7 
19 7 13 7 
20 7 18 14 7 
21 7 18 14 7 
22 7 17 14 7 
23 7 17 14 7 
0 8 8 
1 8 0 8 
2 8 8 
3 8 2 8 
4 8 3 2 8 
5 8 6 7 8 
6 8 7 8 
7 8 8 
9 8 8 
10 8 9 8 
11 8 8 
12 8 8 
13 8 7 8 
14 8 8 
15 8 10 9 8 
16 8 17 11 8 
17 8 11 8 
18 8 14 8 
19 8 14 8 
20 8 18 14 8 
21 8 18 14 8 
22 8 17 11 8 
23 8 17 11 8 
0 9 9 
1 9 0 9 
2 9 8 9 
3 9 2 8 9 
4 9 3 2 8 9 
5 9 6 7 8 9 
6 9 7 8 9 
7 9 8 9 
8 9 9 
10 9 9 
11 9 8 9 
12 9 9 
13 9 12 9 
14 9 8 9 
15 9 10 9 
16 9 15 10 9 
17 9 12 9 
18 9 14 8 9 
19 9 13 12 9 
20 9 18 14 8 9 
21 9 18 14 8 9 
22 9 17 12 9 
23 9 17 12 9 
0 10 9 10 
1 10 0 9 10 
2 10 8 9 10 
3 10 2 8 9 10 
4 10 3 2 8 9 10 
5 10 6 7 8 9 10 
6 10 7 8 9 10 
7 10 8 9 10 
8 10 9 10 
9 10 10 
11 10 10 
12 10 9 10 
13 10 12 9 10 
14 10 8 9 10 
15 10 10 
16 10 15 10 
17 10 11 10 
18 10 15 10 
19 10 18 15 10 
20 10 18 15 10 
21 10 18 15 10 
22 10 17 11 10 
23 10 16 15 10 
0 11 8 11 
1 11 0 8 11 
2 11 8 11 
3 11 2 8 11 
4 11 3 2 8 11 
5 11 6 7 8 11 
6 11 7 8 11 
7 11 8 11 
8 11 11 
9 11 8 11 
10 11 11 
12 11 11 
13 11 12 11 
14 11 8 11 
15 11 10 11 
16 11 17 11 
17 11 11 
18 11 17 11 
19 11 13 12 11 
20 11 18 17 11 
21 11 18 17 11 
22 11 17 11 
23 11 17 11 
0 12 8 12 
1 12 0 8 12 
2 12 8 12 
3 12 2 8 12 
4 12 3 2 8 12 
5 12 6 7 8 12 
6 12 7 8 12 
7 12 8 12 
8 12 12 
9 12 12 
10 12 9 12 
11 12 12 
13 12 12 
14 12 12 
15 12 17 12 
16 12 17 12 
17 12 12 
18 12 14 12 
19 12 13 12 
20 12 18 14 12 
21 12 18 14 12 
22 12 17 12 
23 12 17 12 
0 13 8 7 13 
1 13 0 8 7 13 
2 13 8 7 13 
3 13 2 8 7 13 
4 13 5 6 7 13 
5 13 6 7 13 
6 13 7 13 
7 13 13 
8 13 7 13 
9 13 12 13 
10 13 9 12 13 
11 13 12 13 
12 13 13 
14 13 13 
15 13 17 12 13 
16 13 17 12 13 
17 13 12 13 
18 13 14 13 
19 13 13 
20 13 19 13 
21 13 18 14 13 
22 13 17 12 13 
23 13 17 12 13 
0 14 8 14 
1 14 0 8 14 
2 14 8 14 
3 14 2 8 14 
4 14 5 6 7 14 
5 14 6 7 14 
6 14 7 14 
7 14 14 
8 14 14 
9 14 8 14 
10 14 9 8 14 
11 14 8 14 
12 14 14 
13 14 14 
15 14 17 14 
16 14 17 14 
17 14 14 
18 14 14 
19 14 14 
20 14 18 14 
21 14 18 14 
22 14 17 14 
23 14 17 14 
0 15 9 10 15 
1 15 0 9 10 15 
2 15 8 9 10 15 
3 15 2 8 9 10 15 
4 15 3 2 8 9 10 15 
5 15 6 7 14 17 15 
6 15 7 14 17 15 
7 15 14 17 15 
8 15 9 10 15 
9 15 10 15 
10 15 15 
11 15 10 15 
12 15 17 15 
13 15 12 17 15 
14 15 17 15 
16 15 15 
17 15 15 
18 15 15 
19 15 18 15 
20 15 18 15 
21 15 18 15 
22 15 17 15 
23 15 16 15 
0 16 9 10 15 16 
1 16 0 9 10 15 16 
2 16 8 11 17 16 
3 16 2 8 11 17 16 
4 16 3 2 8 11 17 16 
5 16 6 7 14 17 16 
6 16 7 14 17 16 
7 16 14 17 16 
8 16 11 17 16 
9 16 10 15 16 
10 16 15 16 
11 16 17 16 
12 16 17 16 
13 16 12 17 16 
14 16 17 16 
15 16 16 
17 16 16 
18 16 15 16 
19 16 14 17 16 
20 16 18 15 16 
21 16 18 15 16 
22 16 17 16 
23 16 16 
0 17 8 11 17 
1 17 0 8 11 17 
2 17 8 11 17 
3 17 2 8 11 17 
4 17 3 2 8 11 17 
5 17 6 7 14 17 
6 17 7 14 17 
7 17 14 17 
8 17 11 17 
9 17 12 17 
10 17 11 17 
11 17 17 
12 17 17 
13 17 12 17 
14 17 17 
15 17 17 
16 17 17 
18 17 17 
19 17 14 17 
20 17 18 17 
21 17 18 17 
22 17 17 
23 17 17 
0 18 8 14 18 
1 18 0 8 14 18 
2 18 8 14 18 
3 18 2 8 14 18 
4 18 5 6 7 14 18 
5 18 6 7 14 18 
6 18 7 14 18 
7 18 14 18 
8 18 14 18 
9 18 8 14 18 
10 18 15 18 
11 18 17 18 
12 18 14 18 
13 18 14 18 
14 18 18 
15 18 18 
16 18 15 18 
17 18 18 
19 18 18 
20 18 18 
21 18 18 
22 18 18 
23 18 18 
0 19 8 14 19 
1 19 0 8 14 19 
2 19 8 14 19 
3 19 2 8 14 19 
4 19 5 6 7 13 19 
5 19 6 7 13 19 
6 19 7 13 19 
7 19 13 19 
8 19 14 19 
9 19 12 13 19 
10 19 15 18 19 
11 19 12 13 19 
12 19 13 19 
13 19 19 
14 19 19 
15 19 18 19 
16 19 17 14 19 
17 19 14 19 
18 19 19 
20 19 19 
21 19 18 19 
22 19 18 19 
23 19 18 19 
0 20 8 14 18 20 
1 20 0 8 14 18 20 
2 20 8 14 18 20 
3 20 2 8 14 18 20 
4 20 5 6 7 14 18 20 
5 20 6 7 14 18 20 
6 20 7 14 18 20 
7 20 14 18 20 
8 20 14 18 20 
9 20 8 14 18 20 
10 20 15 18 20 
11 20 17 18 20 
12 20 14 18 20 
13 20 19 20 
14 20 18 20 
15 20 18 20 
16 20 15 18 20 
17 20 18 20 
18 20 20 
19 20 20 
21 20 20 
22 20 18 20 
23 20 18 20 
0 21 8 14 18 21 
1 21 0 8 14 18 21 
2 21 8 14 18 21 
3 21 2 8 14 18 21 
4 21 5 6 7 14 18 21 
5 21 6 7 14 18 21 
6 21 7 14 18 21 
7 21 14 18 21 
8 21 14 18 21 
9 21 8 14 18 21 
10 21 15 18 21 
11 21 17 18 21 
12 21 14 18 21 
13 21 14 18 21 
14 21 18 21 
15 21 18 21 
16 21 15 18 21 
17 21 18 21 
18 21 21 
19 21 18 21 
20 21 21 
22 21 21 
23 21 18 21 
0 22 8 11 17 22 
1 22 0 8 11 17 22 
2 22 8 11 17 22 
3 22 2 8 11 17 22 
4 22 3 2 8 11 17 22 
5 22 6 7 14 17 22 
6 22 7 14 17 22 
7 22 14 17 22 
8 22 11 17 22 
9 22 12 17 22 
10 22 11 17 22 
11 22 17 22 
12 22 17 22 
13 22 12 17 22 
14 22 17 22 
15 22 17 22 
16 22 17 22 
17 22 22 
18 22 22 
19 22 18 22 
20 22 18 22 
21 22 22 
23 22 22 
0 23 8 11 17 23 
1 23 0 8 11 17 23 
2 23 8 11 17 23 
3 23 2 8 11 17 23 
4 23 3 2 8 11 17 23 
5 23 6 7 14 17 23 
6 23 7 14 17 23 
7 23 14 17 23 
8 23 11 17 23 
9 23 12 17 23 
10 23 15 16 23 
11 23 17 23 
12 23 17 23 
13 23 12 17 23 
14 23 17 23 
15 23 16 23 
16 23 23 
17 23 23 
18 23 23 
19 23 18 23 
20 23 18 23 
21 23 18 23 
22 23 23 
